Doc#	student	project	course	faculty	
1:	1	0	0	0
2:	1	0	0	0
3:	1	0	0	1
4:	1	0	0	0
5:	0	0	1	0
6:	0	0	0	1
7:	1	0	0	1
8:	0	0	0	1
9:	1	0	1	0
10:	0	1	1	0
11:	1	0	1	0
12:	0	0	1	1
13:	1	0	0	0
14:	1	0	0	0
15:	0	0	0	1
16:	0	0	1	1
17:	1	0	1	1
18:	1	0	1	0
19:	0	0	0	1
20:	1	0	0	0
21:	0	1	0	0
22:	0	0	1	0
23:	1	0	1	0
24:	0	0	0	1
25:	0	0	1	1
26:	1	0	0	0
27:	0	0	1	1
28:	0	1	0	0
29:	1	0	1	1
30:	0	0	0	1
31:	1	0	0	0
32:	1	0	0	0
33:	1	1	1	0
34:	1	0	0	0
35:	1	1	0	0
36:	0	0	1	0
37:	0	0	1	0
38:	1	0	0	0
39:	1	0	1	0
40:	1	1	1	0
41:	1	0	1	0
42:	1	0	1	0
43:	1	0	1	1
44:	1	0	1	0
45:	0	0	0	1
46:	1	0	1	1
47:	0	0	1	0
48:	1	1	0	0
49:	0	0	1	0
50:	0	1	0	0
51:	1	0	0	0
52:	0	1	0	0
53:	1	0	0	0
54:	1	0	0	0
55:	0	1	0	0
56:	1	0	1	1
57:	1	0	0	0
58:	1	0	0	0
59:	0	0	0	1
60:	1	1	0	0
61:	0	0	0	1
62:	0	0	1	1
63:	0	0	0	1
64:	1	1	1	0
65:	0	0	1	1
66:	0	1	0	0
67:	1	0	0	0
68:	0	1	1	0
69:	1	1	0	0
70:	0	1	0	0
71:	0	1	0	0
72:	1	0	1	0
73:	1	0	0	0
74:	0	0	0	1
75:	1	0	1	0
76:	1	1	0	0
77:	1	0	0	0
78:	1	1	0	0
79:	1	0	1	0
80:	1	0	0	0
81:	0	1	0	0
82:	1	0	1	0
83:	1	1	1	0
84:	0	0	1	0
85:	0	0	1	0
86:	0	0	1	0
87:	1	0	0	0
88:	0	1	0	0
89:	1	0	1	0
90:	1	0	0	0
91:	0	1	0	0
92:	0	1	1	0
93:	1	0	1	0
94:	0	1	0	0
95:	1	0	1	0
96:	0	0	0	1
97:	0	0	0	1
98:	1	0	1	0
99:	0	0	0	1
100:	1	0	1	0
101:	0	1	0	0
102:	1	0	0	0
103:	0	0	0	1
104:	1	0	0	0
105:	1	0	0	0
106:	1	0	0	0
107:	1	0	0	0
108:	0	0	0	1
109:	0	0	1	1
110:	1	1	0	0
111:	1	0	1	0
112:	0	0	1	0
113:	1	0	1	1
114:	1	0	1	0
115:	1	0	1	0
116:	1	1	1	0
117:	1	0	0	0
118:	0	0	0	1
119:	0	0	1	0
120:	1	1	0	0
121:	1	0	1	0
122:	0	1	1	0
123:	1	0	1	0
124:	1	1	0	0
125:	1	0	0	0
126:	0	0	0	1
127:	1	0	0	0
128:	1	0	0	0
129:	0	0	0	1
130:	1	0	1	0
131:	0	1	1	0
132:	0	0	1	0
133:	0	0	0	1
134:	1	0	0	0
135:	1	1	1	0
136:	1	0	1	1
137:	1	0	0	0
138:	0	1	0	0
139:	1	0	1	0
140:	1	0	1	0
141:	1	0	0	0
142:	0	0	0	1
143:	0	1	0	0
144:	1	0	1	0
145:	0	0	0	1
146:	1	0	1	0
147:	0	1	0	0
148:	0	1	0	0
149:	1	0	1	0
150:	0	0	0	1
151:	1	0	0	0
152:	0	0	1	0
153:	1	0	0	0
154:	0	1	1	0
155:	1	0	1	0
156:	0	0	1	1
157:	0	0	0	1
158:	1	0	1	0
159:	1	0	1	0
160:	0	1	0	0
161:	0	0	0	1
162:	1	1	0	0
163:	0	1	0	0
164:	0	1	0	0
165:	1	0	1	0
166:	1	1	0	0
167:	1	0	1	0
168:	0	1	1	0
169:	1	0	0	0
170:	0	1	0	0
171:	1	0	0	0
172:	1	0	0	0
173:	0	1	1	0
174:	1	0	1	0
175:	0	1	0	0
176:	1	0	0	0
177:	0	0	0	1
178:	1	0	1	0
179:	0	0	1	1
180:	0	1	0	0
181:	1	0	0	0
182:	1	0	0	0
183:	1	0	1	1
184:	1	0	0	0
185:	1	1	0	0
186:	1	0	0	0
187:	0	0	0	1
188:	1	0	0	0
189:	1	0	1	0
190:	1	0	1	1
191:	0	1	1	0
192:	1	0	0	0
193:	0	0	1	0
194:	0	0	0	1
195:	0	0	0	1
196:	1	0	1	0
197:	0	0	0	1
198:	0	0	0	1
199:	0	0	1	1
200:	0	0	0	1
201:	1	0	0	1
202:	0	0	1	0
203:	1	1	1	0
204:	1	0	0	1
205:	1	0	0	0
206:	0	0	0	1
207:	1	0	0	0
208:	1	0	0	1
209:	0	0	1	1
210:	1	0	1	0
211:	1	0	0	1
212:	1	0	0	0
213:	0	1	0	0
214:	0	0	0	1
215:	0	0	1	1
216:	1	0	0	0
217:	0	0	1	0
218:	1	0	1	0
219:	0	1	0	0
220:	1	0	0	0
221:	0	0	0	1
222:	0	0	0	1
223:	0	0	0	1
224:	1	1	1	0
225:	0	0	1	1
226:	0	0	1	0
227:	0	1	1	0
228:	0	0	0	1
229:	1	0	0	0
230:	1	0	0	0
231:	1	0	1	0
232:	1	0	0	0
233:	1	0	0	0
234:	1	1	0	0
235:	1	0	0	0
236:	0	0	0	1
237:	1	0	0	0
238:	1	0	0	0
239:	1	0	1	0
240:	1	1	0	0
241:	1	1	0	0
242:	1	1	1	0
243:	1	0	0	0
244:	1	0	0	1
245:	0	0	0	1
246:	0	0	0	1
247:	0	0	0	1
248:	0	0	1	0
249:	1	0	0	0
250:	0	1	0	0
251:	1	0	0	1
252:	0	0	0	1
253:	1	0	0	0
254:	0	1	0	0
255:	1	0	1	0
256:	1	0	1	0
257:	0	0	0	1
258:	0	0	1	0
259:	0	0	1	0
260:	0	0	0	1
261:	0	0	1	1
262:	0	0	0	1
263:	0	0	0	1
264:	0	0	0	1
265:	0	0	0	1
266:	1	0	0	0
267:	0	0	0	1
268:	1	0	1	0
269:	1	0	1	0
270:	0	1	0	0
271:	0	0	0	1
272:	1	0	1	0
273:	0	1	0	0
274:	1	0	0	0
275:	1	0	1	0
276:	1	0	0	0
277:	1	0	0	0
278:	1	0	1	0
279:	1	1	0	0
280:	1	0	1	0
281:	1	0	1	0
282:	1	0	1	1
283:	0	1	0	0
284:	0	0	1	1
285:	1	0	0	0
286:	1	0	0	1
287:	0	0	0	1
288:	1	1	0	0
289:	1	0	0	0
290:	1	1	1	0
291:	1	1	1	0
292:	1	0	0	0
293:	1	0	0	0
294:	0	0	0	1
295:	1	0	1	0
296:	0	1	0	0
297:	0	0	0	1
298:	0	0	0	1
299:	0	0	1	1
300:	1	1	1	0
301:	0	0	0	1
302:	0	1	0	0
303:	1	0	1	0
304:	0	1	0	0
305:	0	1	0	0
306:	1	0	1	0
307:	0	0	0	1
308:	0	0	0	1
309:	0	1	1	0
310:	0	0	0	1
311:	0	0	1	0
312:	0	0	1	0
313:	1	1	0	0
314:	1	0	0	1
315:	1	0	0	1
316:	0	0	0	1
317:	1	0	0	0
318:	0	1	0	0
319:	1	0	0	0
320:	0	0	0	1
321:	1	1	1	0
322:	1	0	0	0
323:	1	0	0	0
324:	0	1	0	0
325:	0	0	1	0
326:	0	1	0	0
327:	1	1	0	0
328:	0	0	1	1
329:	0	0	0	1
330:	0	0	0	1
331:	1	0	1	0
332:	0	0	0	1
333:	1	0	1	0
334:	0	1	0	0
335:	0	0	1	0
336:	0	1	0	0
337:	0	0	1	0
338:	0	0	0	1
339:	0	1	1	0
340:	1	0	1	0
341:	1	0	0	1
342:	1	1	1	0
343:	1	0	0	0
344:	0	1	0	0
345:	0	0	1	1
346:	0	1	0	0
347:	1	0	0	0
348:	1	0	0	0
349:	0	0	1	1
350:	0	0	0	1
351:	0	1	0	0
352:	0	0	0	1
353:	1	1	1	0
354:	1	0	0	0
355:	1	0	0	0
356:	1	0	0	0
357:	0	0	0	1
358:	1	0	0	0
359:	1	1	0	0
360:	0	0	1	1
361:	0	1	0	0
362:	1	0	1	0
363:	0	1	0	0
364:	1	0	1	0
365:	1	0	0	0
366:	0	1	0	0
367:	1	0	0	0
368:	0	0	1	0
369:	1	0	0	0
370:	1	0	0	0
371:	0	0	1	1
372:	1	0	0	0
373:	1	0	0	0
374:	0	0	0	1
375:	1	0	0	0
376:	0	0	0	1
377:	1	0	0	0
378:	1	0	0	0
379:	1	0	1	1
380:	1	0	0	0
381:	0	1	0	0
382:	0	0	0	1
383:	0	1	0	0
384:	1	0	0	1
385:	1	1	1	0
386:	1	0	1	0
387:	1	0	0	0
388:	1	1	1	0
389:	1	0	1	0
390:	0	0	0	1
391:	0	1	0	0
392:	1	0	1	0
393:	0	1	0	0
394:	1	1	1	0
395:	1	0	1	0
396:	0	1	1	0
397:	1	0	1	1
398:	1	1	1	0
399:	1	0	0	0
400:	1	0	1	0
401:	0	1	0	0
402:	1	0	0	0
403:	1	0	1	0
404:	1	0	1	0
405:	1	0	1	0
406:	1	0	0	0
407:	0	1	1	0
408:	1	0	0	0
409:	1	0	1	0
410:	0	0	0	1
411:	1	0	0	0
412:	0	1	0	0
413:	0	0	0	1
414:	0	0	1	1
415:	1	0	1	0
416:	1	0	1	0
417:	0	1	0	0
418:	1	0	0	0
419:	0	0	1	0
420:	1	0	1	0
421:	0	0	0	1
422:	1	0	0	0
423:	1	0	0	0
424:	0	0	0	1
425:	1	1	0	0
426:	0	0	0	1
427:	1	0	1	0
428:	1	1	1	0
429:	1	0	0	0
430:	1	0	0	0
431:	0	0	1	1
432:	0	1	1	0
433:	0	0	1	0
434:	0	0	0	1
435:	1	1	1	0
436:	0	0	0	1
437:	0	1	0	0
438:	1	0	1	0
439:	0	0	0	1
440:	1	0	0	0
441:	1	0	1	0
442:	1	0	0	0
443:	1	0	0	0
444:	1	1	1	0
445:	1	0	0	0
446:	1	0	1	1
447:	0	0	0	1
448:	1	0	1	0
449:	0	1	1	0
450:	1	0	0	0
451:	1	0	0	0
452:	0	0	0	1
453:	0	1	0	0
454:	1	0	0	0
455:	1	0	1	0
456:	0	0	0	1
457:	1	0	1	0
458:	1	0	0	0
459:	1	0	1	0
460:	1	0	0	0
461:	1	1	0	0
462:	0	0	1	0
463:	1	0	1	1
464:	0	0	1	1
465:	1	0	0	0
466:	0	1	0	0
467:	1	0	0	0
468:	1	0	1	1
469:	1	0	0	0
470:	0	0	1	0
471:	1	0	0	1
472:	1	0	0	0
473:	0	1	0	0
474:	0	0	0	1
475:	1	0	0	0
476:	1	0	1	0
477:	1	0	0	0
478:	0	1	0	0
479:	1	0	1	0
480:	1	0	0	0
481:	1	0	1	0
482:	1	0	0	0
483:	1	1	0	0
484:	1	0	0	0
485:	1	0	1	0
486:	1	0	0	1
487:	1	0	1	1
488:	1	1	1	0
489:	1	0	1	0
490:	1	0	0	0
491:	1	0	0	0
492:	0	0	0	1
493:	0	0	1	0
494:	1	0	1	0
495:	0	1	0	0
496:	1	0	0	0
497:	1	0	0	0
498:	1	0	1	0
499:	1	1	0	0
500:	0	1	1	0
501:	0	0	1	1
502:	0	1	0	0
503:	0	0	1	0
504:	0	0	0	1
505:	1	1	1	0
506:	1	1	1	0
507:	0	0	1	0
508:	1	0	0	0
509:	0	1	1	0
510:	1	0	0	0
511:	0	0	0	1
512:	1	0	0	0
513:	1	0	0	0
514:	1	1	1	0
515:	1	0	0	0
516:	0	0	0	1
517:	1	0	1	0
518:	0	0	0	1
519:	1	0	0	0
520:	1	0	0	0
521:	0	0	1	1
522:	1	0	1	0
523:	0	0	0	1
524:	1	0	0	0
525:	1	1	1	0
526:	1	0	0	0
527:	0	0	0	1
528:	0	0	1	1
529:	1	0	1	0
530:	0	1	0	0
531:	0	0	1	0
532:	1	0	0	0
533:	0	0	1	0
534:	0	0	1	1
535:	1	0	1	0
536:	1	0	0	0
537:	0	1	0	0
538:	0	1	0	0
539:	1	0	0	0
540:	0	0	0	1
541:	1	0	0	0
542:	0	1	0	0
543:	1	0	1	0
544:	1	0	1	0
545:	0	1	0	0
546:	0	1	1	0
547:	0	1	0	0
548:	1	0	1	1
549:	0	1	1	0
550:	0	1	0	0
551:	1	0	0	0
552:	0	0	1	0
553:	0	0	1	0
554:	1	0	0	0
555:	1	0	0	0
556:	0	1	0	0
557:	1	0	0	0
558:	1	0	0	0
559:	1	1	0	0
560:	1	0	1	0
561:	0	0	1	1
562:	1	0	0	0
563:	1	0	1	1
564:	1	0	0	0
565:	1	1	1	0
566:	1	0	0	0
567:	0	1	0	0
568:	1	0	0	1
569:	1	0	0	0
570:	1	0	0	0
571:	0	0	0	1
572:	0	0	0	1
573:	0	0	0	1
574:	0	1	1	0
575:	1	0	0	0
576:	1	0	1	0
577:	1	1	0	0
578:	0	0	0	1
579:	1	1	0	0
580:	1	0	0	0
581:	0	0	1	0
582:	0	0	0	1
583:	1	0	0	0
584:	0	0	0	1
585:	0	0	0	1
586:	0	0	0	1
587:	0	0	0	1
588:	1	0	0	0
589:	1	0	0	1
590:	1	0	0	0
591:	1	0	1	0
592:	0	0	0	1
593:	1	0	0	0
594:	1	1	1	0
595:	0	0	1	1
596:	1	0	1	0
597:	1	1	1	0
598:	0	0	1	1
599:	1	0	0	0
600:	1	0	1	0
601:	0	0	0	1
602:	1	0	1	0
603:	0	0	0	1
604:	1	0	1	0
605:	0	1	0	0
606:	1	0	0	0
607:	1	0	1	0
608:	0	0	0	1
609:	1	0	1	0
610:	1	0	1	0
611:	1	0	1	0
612:	0	1	1	0
613:	1	0	0	0
614:	1	0	0	0
615:	1	0	0	0
616:	0	1	1	0
617:	1	0	0	0
618:	1	0	1	0
619:	0	0	1	1
620:	0	1	0	0
621:	0	0	0	1
622:	0	0	1	1
623:	1	1	0	0
624:	1	1	1	0
625:	1	1	0	0
626:	0	1	1	0
627:	0	0	1	0
628:	0	0	0	1
629:	1	0	0	0
630:	1	0	0	0
631:	1	0	0	0
632:	1	0	0	0
633:	1	1	0	0
634:	0	0	0	1
635:	1	0	0	1
636:	1	0	0	0
637:	0	0	1	0
638:	1	1	0	0
639:	1	0	0	0
640:	0	0	1	0
641:	1	1	0	0
642:	1	0	0	0
643:	1	0	0	0
644:	1	0	1	1
645:	0	0	0	1
646:	1	0	0	1
647:	1	0	0	0
648:	0	0	1	0
649:	1	0	0	0
650:	1	1	1	0
651:	0	0	0	1
652:	1	0	0	0
653:	1	0	0	1
654:	1	0	0	0
655:	0	0	1	1
656:	0	0	1	0
657:	0	1	1	0
658:	0	0	0	1
659:	1	0	0	0
660:	0	0	1	1
661:	0	0	1	0
662:	0	1	1	0
663:	0	0	0	1
664:	0	1	0	0
665:	1	0	0	0
666:	1	0	0	0
667:	0	1	0	0
668:	0	0	0	1
669:	1	0	0	0
670:	0	1	0	0
671:	1	0	1	0
672:	0	0	1	1
673:	0	0	0	1
674:	0	1	1	0
675:	1	0	0	0
676:	1	0	0	0
677:	1	0	0	0
678:	1	0	1	0
679:	1	0	0	0
680:	0	0	0	1
681:	1	0	0	0
682:	1	0	1	0
683:	1	0	0	0
684:	1	0	1	1
685:	0	0	0	1
686:	0	0	1	1
687:	0	0	0	1
688:	1	0	1	0
689:	1	0	1	1
690:	1	0	0	0
691:	0	1	1	0
692:	1	0	0	0
693:	0	0	1	0
694:	0	0	0	1
695:	1	0	1	0
696:	0	1	1	0
697:	1	0	1	0
698:	1	1	0	0
699:	1	0	0	0
700:	1	0	0	0
701:	0	0	1	1
702:	1	0	0	0
703:	1	0	0	0
704:	0	1	0	0
705:	0	0	0	1
706:	0	0	1	0
707:	0	0	0	1
708:	0	0	1	1
709:	1	0	0	0
710:	1	0	1	0
711:	0	1	0	0
712:	1	0	0	0
713:	0	0	1	0
714:	1	0	0	0
715:	1	0	1	0
716:	0	0	1	1
717:	1	0	0	0
718:	0	0	0	1
719:	0	1	1	0
720:	1	0	0	0
721:	1	0	0	0
722:	1	0	1	0
723:	0	0	0	1
724:	0	0	0	1
725:	1	0	0	0
726:	0	0	0	1
727:	1	0	0	0
728:	0	0	0	1
729:	1	0	1	0
730:	1	1	0	0
731:	1	0	1	1
732:	1	1	0	0
733:	1	0	0	1
734:	0	0	0	1
735:	0	1	0	0
736:	1	0	0	0
737:	0	1	0	0
738:	0	1	0	0
739:	1	0	0	0
740:	0	0	1	1
741:	1	0	1	0
742:	0	1	1	0
743:	0	0	0	1
744:	1	1	0	0
745:	0	0	0	1
746:	1	1	0	0
747:	1	0	1	0
748:	1	1	0	0
749:	0	1	0	0
750:	0	0	0	1
751:	0	1	0	0
752:	0	0	0	1
753:	0	1	1	0
754:	0	0	1	0
755:	1	0	0	0
756:	0	1	0	0
757:	1	0	0	0
758:	0	0	0	1
759:	1	1	1	0
760:	0	0	0	1
761:	1	1	1	0
762:	1	0	0	0
763:	0	0	0	1
764:	1	0	1	0
765:	0	0	0	1
766:	1	0	0	0
767:	0	1	0	0
768:	0	0	1	0
769:	1	0	1	0
770:	1	0	1	1
771:	1	0	1	0
772:	1	0	0	0
773:	0	0	1	1
774:	0	1	0	0
775:	1	0	0	0
776:	1	0	1	0
777:	1	1	1	0
778:	0	0	1	1
779:	1	0	0	0
780:	1	0	1	0
781:	0	0	0	1
782:	1	0	1	0
783:	0	0	1	1
784:	1	0	0	0
785:	1	0	0	0
786:	0	0	1	0
787:	0	1	0	0
788:	0	0	0	1
789:	0	1	0	0
790:	1	0	1	0
791:	1	0	0	0
792:	1	0	0	0
793:	0	0	1	0
794:	1	0	0	0
795:	1	0	0	0
796:	1	0	0	0
797:	1	1	0	0
798:	1	0	0	0
799:	1	1	1	0
800:	0	1	0	0
801:	0	1	0	0
802:	0	1	1	0
803:	1	0	0	0
804:	0	0	1	0
805:	1	0	0	0
806:	1	0	0	0
807:	1	1	0	0
808:	1	0	0	0
809:	0	1	0	0
810:	1	0	0	0
811:	1	0	0	1
812:	1	0	0	0
813:	0	0	0	1
814:	1	0	0	0
815:	0	0	0	1
816:	1	0	0	0
817:	0	1	0	0
818:	1	0	1	0
819:	1	0	1	0
820:	0	0	1	1
821:	1	0	0	0
822:	0	0	0	1
823:	1	0	0	0
824:	0	0	1	1
825:	1	0	0	0
826:	0	0	1	1
827:	1	1	0	0
828:	0	0	1	0
829:	1	0	0	0
830:	1	0	0	0
831:	1	0	1	0
832:	1	0	0	0
833:	1	0	1	0
834:	0	1	0	0
835:	1	0	0	0
836:	1	0	0	0
837:	1	1	0	0
838:	1	0	1	0
839:	0	1	0	0
840:	1	0	1	0
841:	1	1	1	0
842:	1	0	0	0
843:	1	0	0	1
844:	1	0	0	0
845:	0	1	0	0
846:	0	0	0	1
847:	1	0	1	0
848:	1	0	0	0
849:	0	1	0	0
850:	0	0	1	1
851:	0	0	1	1
852:	1	0	0	1
853:	0	0	0	1
854:	0	1	1	0
855:	1	0	0	0
856:	1	0	1	0
857:	1	0	0	0
858:	0	0	0	1
859:	0	0	0	1
860:	1	0	0	0
861:	1	0	0	0
862:	0	1	0	0
863:	1	0	0	0
864:	0	1	0	0
865:	1	0	0	0
866:	0	0	0	1
867:	0	0	1	0
868:	1	0	0	0
869:	0	0	1	0
870:	1	1	0	0
871:	1	0	0	1
872:	1	0	0	0
873:	1	0	1	0
874:	0	1	0	0
875:	0	0	0	1
876:	1	0	0	0
877:	1	1	0	0
878:	1	0	0	0
879:	1	0	1	0
880:	0	0	0	1
881:	0	0	1	0
882:	0	0	0	1
883:	1	0	0	0
884:	0	1	0	0
885:	1	0	0	0
886:	1	0	0	0
887:	1	0	0	0
888:	1	0	0	0
889:	1	0	0	0
890:	1	0	1	0
891:	0	1	0	0
892:	1	0	0	1
893:	1	0	1	0
894:	1	0	0	0
895:	0	1	0	0
896:	0	0	0	1
897:	0	1	0	0
898:	0	0	0	1
899:	0	0	1	0
900:	0	0	0	1
901:	1	0	0	0
902:	1	0	1	0
903:	0	1	1	0
904:	1	0	1	0
905:	1	0	1	0
906:	0	1	0	0
907:	1	0	0	0
908:	1	0	0	0
909:	1	0	0	1
910:	1	0	0	0
911:	0	0	1	1
912:	1	0	1	0
913:	0	0	0	1
914:	0	1	0	0
915:	1	0	0	0
916:	1	0	0	0
917:	1	1	1	0
918:	1	0	0	0
919:	1	0	0	0
920:	0	0	0	1
921:	1	0	1	0
922:	1	0	0	0
923:	1	1	0	0
924:	0	0	1	0
925:	0	0	1	0
926:	0	0	1	1
927:	0	0	0	1
928:	1	0	1	0
929:	0	0	0	1
930:	1	0	1	1
931:	0	1	0	0
932:	1	0	0	0
933:	0	0	1	1
934:	0	0	0	1
935:	0	1	0	0
936:	1	0	1	0
937:	1	0	0	0
938:	1	0	1	1
939:	1	0	1	0
940:	0	0	0	1
941:	0	1	1	0
942:	1	0	0	0
943:	1	0	0	0
944:	1	0	1	0
945:	1	0	0	0
946:	0	1	0	0
947:	1	0	0	0
948:	0	0	0	1
949:	1	0	0	0
950:	0	0	0	1
951:	1	0	1	1
952:	0	0	0	1
953:	1	0	0	0
954:	1	0	0	0
955:	1	0	0	0
956:	1	0	1	0
957:	1	1	0	0
958:	1	0	0	0
959:	1	0	0	1
960:	0	1	1	0
961:	1	0	1	0
962:	1	0	0	0
963:	1	0	0	0
964:	0	1	1	0
965:	0	0	0	1
966:	0	0	1	1
967:	0	1	0	0
968:	0	1	0	0
969:	0	0	0	1
970:	0	0	0	1
971:	0	1	0	0
972:	1	0	1	0
973:	0	0	0	1
974:	1	1	0	0
975:	1	0	0	0
976:	0	1	0	0
977:	0	0	1	0
978:	0	0	1	0
979:	1	0	1	0
980:	1	0	1	0
981:	0	1	1	0
982:	1	0	1	0
983:	0	0	0	1
984:	1	0	1	0
985:	0	1	1	0
986:	1	0	0	1
987:	1	0	0	0
988:	0	0	0	1
989:	0	0	0	1
990:	0	0	0	1
991:	0	1	1	0
992:	1	0	0	0
993:	1	0	0	0
994:	0	0	0	1
995:	1	0	0	0
996:	0	0	0	1
997:	0	1	0	0
998:	1	0	1	0
999:	1	0	1	0
1000:	1	1	0	0
1001:	1	1	0	0
1002:	1	0	0	0
1003:	1	0	1	0
1004:	0	1	0	0
1005:	0	0	1	0
1006:	0	0	0	1
1007:	0	0	0	1
1008:	1	1	0	0
1009:	1	0	0	0
1010:	1	0	0	0
1011:	1	1	0	0
1012:	0	0	0	1
1013:	1	0	0	0
1014:	1	0	0	0
1015:	0	1	0	0
1016:	0	0	1	0
1017:	1	0	0	0
1018:	0	0	0	1
1019:	1	0	0	0
1020:	1	0	0	0
1021:	1	0	1	0
1022:	1	0	0	0
1023:	0	1	0	0
1024:	1	0	1	0
1025:	1	0	0	0
1026:	0	0	0	1
1027:	1	0	0	0
1028:	1	0	0	0
1029:	1	0	1	0
1030:	1	0	1	1
1031:	1	0	0	0
1032:	0	0	1	0
1033:	0	0	1	0
1034:	1	0	1	0
1035:	1	0	0	0
1036:	0	0	1	0
1037:	1	0	1	0
1038:	1	1	1	0
1039:	1	0	0	0
1040:	1	0	1	1
1041:	1	0	0	0
1042:	0	0	1	0
1043:	1	0	1	0
1044:	0	1	0	0
1045:	1	0	0	0
1046:	1	0	1	0
1047:	0	0	0	1
1048:	1	0	0	0
1049:	0	0	0	1
1050:	1	1	0	0
1051:	1	0	0	0
1052:	0	1	0	0
1053:	0	1	0	0
1054:	0	0	1	0
1055:	1	0	1	0
1056:	1	0	1	0
1057:	0	0	1	0
1058:	0	1	0	0
1059:	0	0	0	1
1060:	1	1	0	0
1061:	0	1	1	0
1062:	1	0	0	0
1063:	1	0	1	1
1064:	0	1	0	0
1065:	1	0	0	0
1066:	1	0	1	0
1067:	1	0	0	0
1068:	0	0	1	0
1069:	1	0	0	0
1070:	1	0	0	0
1071:	0	0	0	1
1072:	0	1	0	0
1073:	0	0	0	1
1074:	0	0	0	1
1075:	0	0	0	1
1076:	0	0	0	1
1077:	0	1	1	0
1078:	0	1	0	0
1079:	0	0	0	1
1080:	0	0	0	1
1081:	0	1	1	0
1082:	1	0	0	1
1083:	1	1	0	0
1084:	1	0	0	1
1085:	0	1	1	0
1086:	1	0	1	0
1087:	0	0	0	1
1088:	1	0	0	0
1089:	0	1	0	0
1090:	1	0	0	0
1091:	0	0	0	1
1092:	0	0	1	1
1093:	0	1	0	0
1094:	1	0	0	0
1095:	1	0	1	0
1096:	1	0	1	0
1097:	0	1	0	0
1098:	1	0	0	0
1099:	0	0	1	0
1100:	1	0	1	1
1101:	1	0	0	0
1102:	1	0	0	0
1103:	1	1	1	0
1104:	0	0	0	1
1105:	0	0	0	1
1106:	0	0	0	1
1107:	0	0	0	1
1108:	0	1	1	0
1109:	0	0	0	1
1110:	1	0	0	0
1111:	0	0	1	0
1112:	1	1	0	0
1113:	1	0	1	0
1114:	0	0	1	0
1115:	1	0	0	0
1116:	0	0	0	1
1117:	1	0	0	0
1118:	0	1	0	0
1119:	1	0	1	0
1120:	1	1	0	0
1121:	0	0	1	0
1122:	0	0	0	1
1123:	0	0	0	1
1124:	0	1	1	0
1125:	1	0	1	0
1126:	1	0	1	0
1127:	0	0	1	1
1128:	0	0	1	1
1129:	1	1	0	0
1130:	0	0	0	1
1131:	0	1	0	0
1132:	0	0	0	1
1133:	1	0	1	1
1134:	0	0	1	1
1135:	1	0	0	0
1136:	0	0	0	1
1137:	1	0	0	0
1138:	1	0	0	0
1139:	1	0	0	0
1140:	0	0	1	1
1141:	1	0	0	0
1142:	1	0	0	0
1143:	1	0	1	1
1144:	1	0	1	0
1145:	1	0	0	0
1146:	1	0	0	0
1147:	1	1	0	0
1148:	1	1	0	0
1149:	0	1	0	0
1150:	0	0	0	1
1151:	0	1	0	0
1152:	1	0	0	0
1153:	0	0	1	0
1154:	0	1	0	0
1155:	0	0	1	1
1156:	1	0	0	0
1157:	0	0	1	0
1158:	0	1	1	0
1159:	1	0	1	0
1160:	0	1	0	0
1161:	1	0	0	0
1162:	1	0	0	0
1163:	0	1	0	0
1164:	1	0	1	1
1165:	1	0	0	0
1166:	1	0	1	1
1167:	0	1	0	0
1168:	1	0	0	0
1169:	0	1	1	0
1170:	1	0	0	0
1171:	1	0	0	0
1172:	0	0	1	1
1173:	0	1	0	0
1174:	1	0	0	0
1175:	1	0	0	0
1176:	1	0	0	0
1177:	0	0	0	1
1178:	1	0	0	0
1179:	1	0	0	0
1180:	0	0	1	0
1181:	0	1	0	0
1182:	1	0	0	0
1183:	1	0	0	0
1184:	0	0	1	0
1185:	1	0	1	0
1186:	0	1	0	0
1187:	1	0	0	0
1188:	0	0	0	1
1189:	0	0	1	1
1190:	1	1	0	0
1191:	0	0	1	0
1192:	0	0	1	1
1193:	1	0	1	0
1194:	0	0	0	1
1195:	0	0	1	1
1196:	0	1	0	0
1197:	1	0	1	0
1198:	0	0	0	1
1199:	0	0	1	0
1200:	0	0	1	0
1201:	1	0	0	0
1202:	1	0	0	1
1203:	1	0	1	0
1204:	1	0	1	0
1205:	1	0	1	0
1206:	1	0	0	0
1207:	1	1	0	0
1208:	1	0	1	0
1209:	1	0	0	0
1210:	0	1	0	0
1211:	1	0	0	0
1212:	0	0	1	0
1213:	0	0	1	0
1214:	1	1	0	0
1215:	0	0	1	0
1216:	0	1	0	0
1217:	0	1	0	0
1218:	1	0	1	0
1219:	0	0	1	1
1220:	0	0	1	0
1221:	1	0	1	0
1222:	0	1	0	0
1223:	1	0	1	0
1224:	1	0	0	0
1225:	1	0	0	0
1226:	0	1	0	0
1227:	0	1	0	0
1228:	1	0	1	0
1229:	0	1	0	0
1230:	1	0	1	0
1231:	0	0	0	1
1232:	1	0	1	1
1233:	0	0	0	1
1234:	0	1	1	0
1235:	1	0	0	0
1236:	1	0	0	0
1237:	1	0	0	1
1238:	1	0	0	1
1239:	0	1	1	0
1240:	1	0	0	0
1241:	1	0	0	0
1242:	0	1	0	0
1243:	0	0	1	0
1244:	0	0	1	1
1245:	0	1	0	0
1246:	0	0	1	0
1247:	0	0	1	1
1248:	1	1	0	0
1249:	1	0	1	1
1250:	1	0	1	0
1251:	1	0	0	0
1252:	0	1	1	0
1253:	1	0	1	0
1254:	1	0	0	0
1255:	1	1	0	0
1256:	1	0	1	0
1257:	1	1	1	0
1258:	1	0	0	0
1259:	1	1	0	0
1260:	0	0	1	0
1261:	0	0	0	1
1262:	0	0	0	1
1263:	1	0	1	0
1264:	0	0	0	1
1265:	1	0	0	0
1266:	1	1	1	0
1267:	1	0	0	0
1268:	0	0	0	1
1269:	1	0	0	0
1270:	1	0	1	0
1271:	1	0	1	0
1272:	1	1	1	0
1273:	0	0	0	1
1274:	1	0	1	0
1275:	0	1	0	0
1276:	0	0	0	1
1277:	0	0	1	0
1278:	1	0	0	0
1279:	1	1	0	0
1280:	1	0	0	0
1281:	0	0	1	0
1282:	0	0	0	1
1283:	1	0	1	0
1284:	0	0	0	1
1285:	1	0	0	0
1286:	1	1	0	0
1287:	1	0	1	0
1288:	0	1	1	0
1289:	1	0	1	0
1290:	0	0	0	1
1291:	1	0	0	0
1292:	1	0	1	1
1293:	1	0	0	0
1294:	0	0	1	0
1295:	1	0	0	0
1296:	1	0	1	0
1297:	1	0	0	0
1298:	1	0	0	0
1299:	0	0	1	1
1300:	1	0	0	1
1301:	1	0	0	0
1302:	1	0	0	0
1303:	0	0	0	1
1304:	1	0	0	0
1305:	1	0	1	0
1306:	1	0	0	1
1307:	1	0	0	0
1308:	1	1	0	0
1309:	1	0	0	0
1310:	0	1	0	0
1311:	0	0	0	1
1312:	1	0	0	0
1313:	1	0	1	0
1314:	0	1	0	0
1315:	0	0	1	1
1316:	1	0	1	0
1317:	0	0	1	0
1318:	0	0	0	1
1319:	1	0	0	0
1320:	1	0	1	0
1321:	0	1	0	0
1322:	1	0	0	0
1323:	1	0	0	0
1324:	1	0	1	0
1325:	0	0	1	0
1326:	0	1	0	0
1327:	0	1	1	0
1328:	0	0	1	0
1329:	1	0	0	0
1330:	1	1	0	0
1331:	1	0	0	0
1332:	0	1	0	0
1333:	1	0	0	0
1334:	1	0	0	0
1335:	1	0	1	0
1336:	1	0	1	0
1337:	1	0	1	0
1338:	1	0	0	0
1339:	1	1	1	0
1340:	0	0	1	0
1341:	1	0	0	0
1342:	1	0	0	0
1343:	1	0	0	0
1344:	0	0	0	1
1345:	1	0	0	0
1346:	1	0	0	0
1347:	0	0	1	1
1348:	0	0	0	1
1349:	0	0	1	0
1350:	1	0	0	0
1351:	0	0	1	1
1352:	0	0	0	1
1353:	1	0	0	0
1354:	1	0	0	0
1355:	0	1	1	0
1356:	0	0	0	1
1357:	1	0	0	0
1358:	1	1	1	0
1359:	0	0	1	0
1360:	1	0	0	0
1361:	1	0	0	0
1362:	0	0	0	1
1363:	0	1	1	0
1364:	1	0	1	0
1365:	0	0	1	1
1366:	1	0	1	1
1367:	1	0	1	0
1368:	0	1	0	0
1369:	1	0	1	0
1370:	1	0	1	0
1371:	1	0	0	0
1372:	0	0	0	1
1373:	0	1	0	0
1374:	1	0	0	0
1375:	0	0	0	1
1376:	1	0	1	0
1377:	1	1	0	0
1378:	0	1	0	0
1379:	1	0	0	1
1380:	1	0	0	0
1381:	1	1	1	0
1382:	1	0	1	0
1383:	1	0	0	0
1384:	1	0	1	1
1385:	1	0	1	0
1386:	1	0	1	1
1387:	1	0	0	0
1388:	0	0	1	1
1389:	1	0	0	0
1390:	1	0	0	0
1391:	0	1	1	0
1392:	1	0	0	0
1393:	0	0	0	1
1394:	1	0	0	0
1395:	1	1	0	0
1396:	0	0	0	1
1397:	0	1	0	0
1398:	1	0	1	0
1399:	1	0	0	1
1400:	1	0	0	0
1401:	0	1	0	0
1402:	0	0	1	1
1403:	0	1	0	0
1404:	1	1	1	0
1405:	0	0	0	1
1406:	1	0	0	0
1407:	0	0	1	1
1408:	1	0	1	0
1409:	1	0	0	0
1410:	1	0	0	0
1411:	1	0	0	0
1412:	1	0	0	0
1413:	0	1	1	0
1414:	1	0	0	0
1415:	0	0	1	1
1416:	1	0	0	0
1417:	1	0	1	0
1418:	0	0	0	1
1419:	1	0	0	0
1420:	0	0	1	1
1421:	1	0	0	0
1422:	1	0	0	0
1423:	0	1	1	0
1424:	1	0	1	1
1425:	1	0	1	0
1426:	1	0	0	0
1427:	0	0	0	1
1428:	0	0	0	1
1429:	0	1	0	0
1430:	1	0	0	1
1431:	0	0	0	1
1432:	1	1	0	0
1433:	1	0	0	0
1434:	0	0	0	1
1435:	0	0	0	1
1436:	0	0	0	1
1437:	0	1	0	0
1438:	0	0	1	1
1439:	0	1	0	0
1440:	1	0	0	0
1441:	1	0	0	0
1442:	0	0	0	1
1443:	1	0	1	0
1444:	1	0	1	0
1445:	1	1	1	0
1446:	0	0	1	1
1447:	1	0	0	0
1448:	0	0	0	1
1449:	0	0	0	1
1450:	1	0	0	0
1451:	1	0	0	0
1452:	0	0	0	1
1453:	1	0	0	1
1454:	0	1	0	0
1455:	1	0	0	0
1456:	1	0	0	0
1457:	1	0	0	0
1458:	0	0	0	1
1459:	1	0	1	0
1460:	0	0	1	1
1461:	1	0	0	0
1462:	0	1	0	0
1463:	0	0	1	0
1464:	0	0	0	1
1465:	1	1	0	0
1466:	1	0	0	0
1467:	1	0	0	0
1468:	0	0	1	1
1469:	0	0	0	1
1470:	0	0	0	1
1471:	0	1	0	0
1472:	1	0	0	0
1473:	0	0	1	0
1474:	1	0	0	0
1475:	1	1	1	0
1476:	1	0	0	0
1477:	1	0	0	0
1478:	0	1	0	0
1479:	1	0	1	0
1480:	0	0	0	1
1481:	0	0	1	1
1482:	1	0	0	0
1483:	1	0	0	0
1484:	1	0	0	0
1485:	1	0	0	0
1486:	1	0	1	0
1487:	1	1	1	0
1488:	1	0	0	0
1489:	1	0	0	0
1490:	1	0	0	0
1491:	1	0	0	0
1492:	1	0	0	0
1493:	0	0	0	1
1494:	1	0	1	0
1495:	1	0	0	0
1496:	1	1	0	0
1497:	0	0	1	0
1498:	0	0	1	0
1499:	0	0	0	1
1500:	0	0	0	1
1501:	0	1	0	0
1502:	1	0	1	0
1503:	1	0	0	0
1504:	1	1	1	0
1505:	1	0	0	0
1506:	0	0	0	1
1507:	1	0	0	0
1508:	0	0	0	1
1509:	0	0	0	1
1510:	0	1	0	0
1511:	1	0	0	1
1512:	0	0	0	1
1513:	1	0	1	0
1514:	0	0	0	1
1515:	1	0	0	0
1516:	1	0	0	0
1517:	1	0	0	0
1518:	1	0	0	0
1519:	0	1	0	0
1520:	0	0	0	1
1521:	0	0	1	1
1522:	0	0	1	1
1523:	1	0	0	0
1524:	0	1	0	0
1525:	1	0	0	0
1526:	1	0	0	0
1527:	1	0	1	0
1528:	1	0	0	0
1529:	1	0	0	0
1530:	0	1	0	0
1531:	1	0	0	0
1532:	0	1	0	0
1533:	0	0	0	1
1534:	1	0	0	0
1535:	0	0	1	0
1536:	1	1	0	0
1537:	1	0	1	1
1538:	0	0	1	1
1539:	0	0	1	0
1540:	0	1	0	0
1541:	1	0	1	1
1542:	0	0	1	1
1543:	1	0	1	0
1544:	0	0	0	1
1545:	0	0	0	1
1546:	0	1	0	0
1547:	1	0	0	0
1548:	0	0	1	1
1549:	0	1	0	0
1550:	1	0	0	0
1551:	0	1	0	0
1552:	1	0	1	0
1553:	1	0	0	0
1554:	0	1	1	0
1555:	1	0	0	1
1556:	1	1	0	0
1557:	1	0	1	0
1558:	0	0	1	1
1559:	0	0	1	0
1560:	1	0	0	0
1561:	1	1	1	0
1562:	0	0	0	1
1563:	1	0	0	0
1564:	0	1	1	0
1565:	1	0	0	0
1566:	0	0	0	1
1567:	1	0	0	1
1568:	1	0	1	0
1569:	1	0	0	0
1570:	1	0	1	1
1571:	1	0	0	0
1572:	0	1	0	0
1573:	1	0	1	0
1574:	0	1	0	0
1575:	1	0	0	0
1576:	1	0	0	0
1577:	0	1	0	0
1578:	1	1	0	0
1579:	0	0	0	1
1580:	1	0	0	0
1581:	0	1	0	0
1582:	1	0	0	0
1583:	0	1	0	0
1584:	0	1	0	0
1585:	1	0	0	0
1586:	1	0	0	0
1587:	0	1	0	0
1588:	0	0	0	1
1589:	1	0	0	1
1590:	1	0	0	0
1591:	1	0	1	1
1592:	1	1	0	0
1593:	1	0	0	0
1594:	1	0	0	0
1595:	1	0	0	0
1596:	1	1	0	0
1597:	0	0	0	1
1598:	0	0	0	1
1599:	1	0	0	0
1600:	0	0	0	1
1601:	0	1	1	0
1602:	0	0	1	0
1603:	1	0	1	0
1604:	0	1	0	0
1605:	1	0	0	0
1606:	1	0	0	0
1607:	1	0	1	0
1608:	0	0	1	0
1609:	0	0	1	0
1610:	0	0	0	1
1611:	1	0	0	0
1612:	0	0	0	1
1613:	1	0	1	0
1614:	1	0	0	0
1615:	1	0	1	0
1616:	0	1	0	0
1617:	1	0	0	1
1618:	1	0	1	0
1619:	1	0	0	0
1620:	0	0	0	1
1621:	1	0	0	0
1622:	0	1	1	0
1623:	1	0	0	0
1624:	1	0	0	0
1625:	1	0	0	0
1626:	0	1	0	0
1627:	1	0	1	1
1628:	1	0	0	0
1629:	0	0	1	1
1630:	0	0	0	1
1631:	1	1	1	0
1632:	1	0	0	0
1633:	1	0	1	0
1634:	0	1	1	0
1635:	1	0	1	0
1636:	1	1	1	0
1637:	1	0	0	0
1638:	1	0	1	0
1639:	1	0	0	0
1640:	1	0	0	1
1641:	0	0	1	1
1642:	1	0	0	0
1643:	0	1	1	0
1644:	0	0	1	1
1645:	1	0	0	0
1646:	0	0	0	1
1647:	1	0	0	0
1648:	1	1	0	0
1649:	1	0	0	0
1650:	1	0	0	0
1651:	0	0	0	1
1652:	0	0	1	1
1653:	0	0	1	0
1654:	0	1	1	0
1655:	1	0	0	0
1656:	0	0	1	0
1657:	1	0	0	0
1658:	0	0	1	1
1659:	1	0	0	0
1660:	1	0	0	0
1661:	0	1	0	0
1662:	1	0	0	0
1663:	0	0	1	0
1664:	0	0	0	1
1665:	1	0	0	0
1666:	0	0	1	0
1667:	1	1	0	0
1668:	1	0	1	0
1669:	1	0	0	0
1670:	0	0	1	1
1671:	0	0	0	1
1672:	0	0	1	0
1673:	0	0	1	1
1674:	0	0	1	1
1675:	0	0	0	1
1676:	1	0	1	0
1677:	1	0	1	0
1678:	1	1	0	0
1679:	1	0	0	0
1680:	0	0	0	1
1681:	0	0	0	1
1682:	1	0	1	0
1683:	0	0	0	1
1684:	1	0	1	0
1685:	1	1	0	0
1686:	1	1	1	0
1687:	0	0	1	0
1688:	1	1	1	0
1689:	1	0	0	0
1690:	1	0	0	0
1691:	1	1	0	0
1692:	1	0	0	0
1693:	1	0	0	0
1694:	1	0	0	0
1695:	1	0	1	0
1696:	1	1	0	0
1697:	0	0	1	0
1698:	0	0	0	1
1699:	1	0	1	0
1700:	1	0	1	0
1701:	1	0	0	0
1702:	0	0	1	0
1703:	1	0	0	0
1704:	0	1	0	0
1705:	1	0	0	0
1706:	1	0	0	0
1707:	0	0	0	1
1708:	1	0	0	0
1709:	1	0	0	0
1710:	1	0	1	0
1711:	0	1	0	0
1712:	1	0	1	0
1713:	1	0	1	0
1714:	1	0	0	0
1715:	1	0	0	0
1716:	0	0	1	0
1717:	1	0	0	0
1718:	1	1	0	0
1719:	1	0	1	0
1720:	0	0	0	1
1721:	1	0	0	0
1722:	0	1	1	0
1723:	1	0	0	0
1724:	0	0	1	1
1725:	0	0	1	1
1726:	1	0	0	0
1727:	0	1	1	0
1728:	1	0	0	0
1729:	0	0	0	1
1730:	1	0	0	0
1731:	0	1	0	0
1732:	1	0	0	0
1733:	0	0	0	1
1734:	0	0	1	1
1735:	1	0	0	0
1736:	0	1	0	0
1737:	1	1	1	0
1738:	1	1	0	0
1739:	1	0	0	0
1740:	0	1	1	0
1741:	0	0	1	0
1742:	1	1	0	0
1743:	1	0	0	0
1744:	1	0	1	0
1745:	1	0	0	0
1746:	0	0	1	1
1747:	1	0	0	0
1748:	0	0	1	0
1749:	1	0	1	0
1750:	1	0	1	1
1751:	1	0	0	0
1752:	0	0	0	1
1753:	0	0	0	1
1754:	1	0	1	0
1755:	0	0	1	1
1756:	1	0	0	1
1757:	0	1	0	0
1758:	0	0	0	1
1759:	0	0	1	1
1760:	0	0	1	0
1761:	1	0	1	0
1762:	1	1	0	0
1763:	1	0	0	0
1764:	0	1	1	0
1765:	1	0	0	1
1766:	0	1	1	0
1767:	1	0	1	0
1768:	1	0	0	0
1769:	1	0	0	1
1770:	0	1	1	0
1771:	1	0	0	0
1772:	1	0	1	0
1773:	1	0	0	0
1774:	1	0	0	0
1775:	1	0	0	1
1776:	1	0	0	0
1777:	1	0	0	0
1778:	0	0	0	1
1779:	1	0	0	0
1780:	1	1	1	0
1781:	0	0	1	0
1782:	0	1	0	0
1783:	1	1	1	0
1784:	0	1	0	0
1785:	1	0	1	0
1786:	1	0	0	0
1787:	0	0	1	0
1788:	1	0	0	0
1789:	1	0	0	0
1790:	1	0	1	0
1791:	1	0	0	0
1792:	0	0	0	1
1793:	0	0	1	0
1794:	1	1	1	0
1795:	1	0	0	0
1796:	1	0	1	1
1797:	1	0	0	0
1798:	0	0	0	1
1799:	0	0	0	1
1800:	0	1	0	0
1801:	1	0	0	0
1802:	0	0	1	0
1803:	1	1	1	0
1804:	0	1	0	0
1805:	1	0	1	0
1806:	0	0	0	1
1807:	1	1	1	0
1808:	1	0	0	0
1809:	1	0	0	0
1810:	1	0	0	0
1811:	1	0	0	0
1812:	1	0	1	1
1813:	1	0	0	0
1814:	0	0	0	1
1815:	0	0	1	1
1816:	1	0	0	0
1817:	1	0	1	1
1818:	0	0	1	1
1819:	1	1	0	0
1820:	1	0	1	0
1821:	0	0	1	1
1822:	0	0	0	1
1823:	0	1	0	0
1824:	1	0	0	0
1825:	0	0	1	0
1826:	1	0	0	0
1827:	0	1	0	0
1828:	1	0	0	0
1829:	1	0	0	0
1830:	1	0	0	0
1831:	1	0	0	0
1832:	0	1	0	0
1833:	1	0	0	0
1834:	0	1	0	0
1835:	0	1	0	0
1836:	1	0	0	0
1837:	0	1	1	0
1838:	0	0	0	1
1839:	1	0	0	1
1840:	1	0	0	0
1841:	1	0	0	0
1842:	0	0	1	1
1843:	1	1	0	0
1844:	0	0	0	1
1845:	1	0	1	1
1846:	1	0	0	0
1847:	0	1	0	0
1848:	1	0	0	0
1849:	0	0	0	1
1850:	0	1	0	0
1851:	1	1	0	0
1852:	1	0	0	0
1853:	0	0	1	1
1854:	1	1	0	0
1855:	0	0	0	1
1856:	1	0	1	0
1857:	1	0	0	0
1858:	1	0	0	0
1859:	1	0	1	1
1860:	0	0	0	1
1861:	1	0	0	1
1862:	1	0	0	0
1863:	1	0	1	0
1864:	1	1	1	0
1865:	1	1	0	0
1866:	0	0	0	1
1867:	1	0	1	0
1868:	0	0	1	0
1869:	0	1	0	0
1870:	1	0	0	0
1871:	0	0	1	0
1872:	1	0	0	0
1873:	0	0	1	0
1874:	0	1	0	0
1875:	1	0	0	0
1876:	0	0	0	1
1877:	1	0	0	0
1878:	0	1	0	0
1879:	0	0	0	1
1880:	0	1	0	0
1881:	1	0	0	0
1882:	1	0	0	0
1883:	0	0	1	0
1884:	0	0	1	0
1885:	1	0	0	0
1886:	0	1	1	0
1887:	0	0	1	0
1888:	1	0	0	0
1889:	0	0	1	1
1890:	1	1	0	0
1891:	1	0	0	0
1892:	0	0	1	1
1893:	1	0	0	0
1894:	1	0	1	0
1895:	0	1	0	0
1896:	1	0	0	0
1897:	0	1	0	0
1898:	1	0	0	1
1899:	1	0	0	0
1900:	1	0	0	0
1901:	0	0	0	1
1902:	1	0	0	0
1903:	1	0	1	0
1904:	0	1	0	0
1905:	1	0	0	0
1906:	0	0	0	1
1907:	0	1	1	0
1908:	0	1	1	0
1909:	1	1	0	0
1910:	1	0	0	0
1911:	0	0	0	1
1912:	1	0	1	0
1913:	0	1	0	0
1914:	1	0	0	0
1915:	1	0	1	0
1916:	1	0	1	0
1917:	0	0	0	1
1918:	1	0	0	0
1919:	0	1	1	0
1920:	1	0	1	0
1921:	1	0	1	0
1922:	1	0	1	0
1923:	1	0	0	0
1924:	1	0	0	1
1925:	0	0	0	1
1926:	0	0	1	0
1927:	0	0	1	1
1928:	0	0	1	1
1929:	0	1	0	0
1930:	1	0	0	0
1931:	0	0	0	1
1932:	1	0	0	0
1933:	0	0	1	1
1934:	1	0	1	0
1935:	1	1	0	0
1936:	1	0	1	0
1937:	1	0	0	0
1938:	1	0	0	0
1939:	1	1	1	0
1940:	0	1	0	0
1941:	0	0	1	0
1942:	1	0	1	0
1943:	1	1	1	0
1944:	1	0	1	0
1945:	0	1	0	0
1946:	0	0	1	1
1947:	1	1	0	0
1948:	0	0	1	0
1949:	1	0	0	0
1950:	1	0	0	0
1951:	0	1	0	0
1952:	0	0	1	0
1953:	1	0	1	0
1954:	0	1	0	0
1955:	1	0	0	0
1956:	1	0	0	0
1957:	1	0	0	0
1958:	1	0	1	1
1959:	1	0	1	0
1960:	1	1	1	0
1961:	0	0	0	1
1962:	0	1	0	0
1963:	0	0	1	0
1964:	0	1	0	0
1965:	1	0	0	0
1966:	0	0	1	0
1967:	0	1	1	0
1968:	1	0	0	0
1969:	0	1	0	0
1970:	1	1	0	0
1971:	1	0	0	0
1972:	0	1	0	0
1973:	1	0	0	0
1974:	1	0	0	1
1975:	1	0	0	0
1976:	0	0	0	1
1977:	0	1	0	0
1978:	1	0	1	0
1979:	1	0	1	0
1980:	0	0	0	1
1981:	1	0	1	0
1982:	1	0	0	0
1983:	1	1	0	0
1984:	1	0	1	0
1985:	0	1	1	0
1986:	0	1	0	0
1987:	1	0	1	0
1988:	1	0	0	1
1989:	1	0	1	0
1990:	0	1	0	0
1991:	1	0	0	0
1992:	0	0	0	1
1993:	0	0	0	1
1994:	1	0	1	0
1995:	0	1	0	0
1996:	1	0	0	0
1997:	1	0	0	0
1998:	1	0	0	0
1999:	0	0	1	0
2000:	0	0	1	0
2001:	1	0	1	0
2002:	1	0	0	0
2003:	1	0	0	0
2004:	1	0	0	0
2005:	1	1	1	0
2006:	1	0	0	0
2007:	1	0	0	1
2008:	0	0	0	1
2009:	1	0	1	0
2010:	1	1	0	0
2011:	0	0	0	1
2012:	0	0	1	0
2013:	1	0	0	0
2014:	1	1	1	0
2015:	1	0	0	0
2016:	1	0	0	1
2017:	1	0	1	0
2018:	0	0	0	1
2019:	1	1	1	0
2020:	0	0	1	0
2021:	0	0	0	1
2022:	0	0	1	1
2023:	0	0	1	1
2024:	1	0	0	0
2025:	0	1	1	0
2026:	0	0	0	1
2027:	0	0	0	1
2028:	1	0	0	0
2029:	0	0	1	1
2030:	0	1	0	0
2031:	0	0	1	0
2032:	1	0	0	0
2033:	0	0	0	1
2034:	0	1	0	0
2035:	1	0	0	0
2036:	1	0	0	0
2037:	1	0	1	0
2038:	1	1	0	0
2039:	0	0	1	1
2040:	1	0	1	0
2041:	0	0	0	1
2042:	0	0	0	1
2043:	1	0	1	0
2044:	1	0	0	0
2045:	1	0	1	0
2046:	1	0	1	0
2047:	0	0	0	1
2048:	1	0	0	0
2049:	0	1	0	0
2050:	0	0	0	1
2051:	1	0	1	0
2052:	1	1	0	0
2053:	0	0	0	1
2054:	0	0	0	1
2055:	0	1	0	0
2056:	1	0	0	0
2057:	0	0	0	1
2058:	1	0	1	0
2059:	0	1	0	0
2060:	1	0	0	0
2061:	1	0	1	0
2062:	1	0	0	0
2063:	0	0	0	1
2064:	1	0	0	0
2065:	0	0	0	1
2066:	0	0	0	1
2067:	1	0	0	0
2068:	0	0	1	0
2069:	1	0	1	0
2070:	0	0	0	1
2071:	1	1	0	0
2072:	0	0	1	1
2073:	1	0	0	0
2074:	0	0	1	1
2075:	1	0	0	1
2076:	1	0	0	0
2077:	1	0	0	0
2078:	0	1	0	0
2079:	0	0	0	1
2080:	0	0	1	1
2081:	1	0	0	0
2082:	0	1	0	0
2083:	1	0	0	0
2084:	0	0	0	1
2085:	0	1	0	0
2086:	1	0	0	0
2087:	0	0	1	1
2088:	0	0	1	0
2089:	0	0	0	1
2090:	1	0	0	0
2091:	1	0	1	0
2092:	1	0	0	0
2093:	1	0	1	0
2094:	1	0	0	0
2095:	1	1	1	0
2096:	1	0	0	0
2097:	1	0	1	0
2098:	1	0	0	0
2099:	0	0	1	0
2100:	1	0	0	0
2101:	1	0	1	0
2102:	1	0	1	0
2103:	1	0	0	0
2104:	1	0	0	1
2105:	1	0	0	0
2106:	1	0	0	0
2107:	1	1	0	0
2108:	1	0	1	0
2109:	1	0	0	0
2110:	1	0	0	0
2111:	1	0	1	1
2112:	0	0	0	1
2113:	0	1	1	0
2114:	1	0	1	0
2115:	0	0	1	0
2116:	1	0	0	0
2117:	0	0	1	1
2118:	0	0	1	0
2119:	0	0	0	1
2120:	1	0	1	0
2121:	0	0	0	1
2122:	1	0	0	0
2123:	0	0	0	1
2124:	1	0	0	0
2125:	1	0	0	1
2126:	1	0	0	0
2127:	0	0	1	0
2128:	0	1	0	0
2129:	1	0	0	0
2130:	1	1	0	0
2131:	1	0	0	0
2132:	1	0	1	0
2133:	0	0	1	1
2134:	1	0	0	0
2135:	1	0	0	1
2136:	0	1	0	0
2137:	1	0	0	0
2138:	1	0	1	0
2139:	1	0	0	0
2140:	1	1	0	0
2141:	1	0	0	0
2142:	1	0	1	1
2143:	1	0	1	0
2144:	1	0	1	1
2145:	1	0	1	0
2146:	1	0	1	0
2147:	1	0	0	0
2148:	1	0	1	0
2149:	1	0	0	0
2150:	1	1	0	0
2151:	1	0	1	0
2152:	0	1	0	0
2153:	1	0	0	0
2154:	1	0	1	0
2155:	1	0	0	0
2156:	1	0	0	1
2157:	1	0	1	0
2158:	1	1	1	0
2159:	1	0	0	1
2160:	1	0	0	0
2161:	0	1	1	0
2162:	0	0	1	0
2163:	1	0	0	0
2164:	0	1	1	0
2165:	1	0	0	0
2166:	1	0	1	0
2167:	1	0	0	0
2168:	0	0	0	1
2169:	1	0	0	0
2170:	0	0	0	1
2171:	0	1	1	0
2172:	1	0	0	1
2173:	1	0	0	0
2174:	1	0	0	0
2175:	0	0	0	1
2176:	0	0	0	1
2177:	1	0	1	0
2178:	0	1	0	0
2179:	1	0	1	0
2180:	1	0	0	0
2181:	1	0	0	0
2182:	0	1	0	0
2183:	1	1	0	0
2184:	0	0	0	1
2185:	1	0	0	0
2186:	1	0	0	1
2187:	1	0	0	0
2188:	0	0	0	1
2189:	0	0	1	0
2190:	1	0	0	0
2191:	1	0	0	0
2192:	0	1	0	0
2193:	1	0	0	0
2194:	1	0	0	0
2195:	1	0	0	0
2196:	1	0	1	0
2197:	1	0	1	0
2198:	1	1	0	0
2199:	0	0	1	0
2200:	0	0	0	1
2201:	1	0	0	0
2202:	0	0	0	1
2203:	0	0	1	1
2204:	1	0	0	0
2205:	1	0	1	1
2206:	1	0	1	0
2207:	0	1	0	0
2208:	0	0	1	0
2209:	1	0	0	0
2210:	0	0	1	1
2211:	0	0	0	1
2212:	0	0	0	1
2213:	1	0	0	0
2214:	1	0	0	0
2215:	1	0	0	1
2216:	1	0	0	0
2217:	0	0	1	0
2218:	0	1	1	0
2219:	1	0	1	0
2220:	0	0	1	0
2221:	0	0	0	1
2222:	1	0	1	0
2223:	0	1	1	0
2224:	0	0	1	0
2225:	0	0	1	1
2226:	1	1	1	0
2227:	1	0	0	0
2228:	1	0	0	0
2229:	1	0	0	0
2230:	0	0	0	1
2231:	1	0	0	0
2232:	0	0	0	1
2233:	1	1	1	0
2234:	1	0	0	0
2235:	1	0	0	0
2236:	0	0	1	1
2237:	0	0	0	1
2238:	0	0	0	1
2239:	0	0	0	1
2240:	0	1	0	0
2241:	0	0	1	0
2242:	0	0	1	0
2243:	1	0	0	0
2244:	1	0	0	0
2245:	1	0	0	0
2246:	0	0	0	1
2247:	1	1	0	0
2248:	1	0	1	1
2249:	0	0	1	1
2250:	1	0	0	0
2251:	0	0	1	1
2252:	1	0	0	0
2253:	1	0	0	0
2254:	1	0	0	0
2255:	0	0	0	1
2256:	1	0	1	0
2257:	1	1	0	0
2258:	0	0	1	0
2259:	0	1	0	0
2260:	1	0	0	0
2261:	0	1	1	0
2262:	0	0	1	1
2263:	1	0	0	1
2264:	1	0	1	0
2265:	1	0	0	0
2266:	0	0	1	0
2267:	1	1	0	0
2268:	1	0	1	1
2269:	0	1	1	0
2270:	0	0	0	1
2271:	0	0	1	0
2272:	1	0	0	0
2273:	0	1	0	0
2274:	1	0	0	0
2275:	0	0	1	0
2276:	1	0	0	0
2277:	1	0	0	1
2278:	0	0	1	0
2279:	1	0	0	0
2280:	1	0	0	0
2281:	0	0	0	1
2282:	1	0	1	0
2283:	0	0	0	1
2284:	1	0	0	0
2285:	1	1	1	0
2286:	1	0	1	0
2287:	1	0	0	0
2288:	1	0	1	1
2289:	0	0	1	0
2290:	1	0	1	1
2291:	1	0	1	1
2292:	1	0	0	1
2293:	1	0	0	0
2294:	1	0	1	0
2295:	1	1	1	0
2296:	1	0	0	0
2297:	1	0	1	0
2298:	0	0	0	1
2299:	0	1	1	0
2300:	0	0	0	1
2301:	1	0	1	0
2302:	1	0	0	1
2303:	1	0	1	0
2304:	1	0	0	0
2305:	1	1	0	0
2306:	1	0	0	0
2307:	0	0	0	1
2308:	1	0	1	0
2309:	1	0	0	0
2310:	0	1	1	0
2311:	1	0	0	0
2312:	1	0	1	0
2313:	1	0	0	0
2314:	1	0	1	0
2315:	1	0	1	0
2316:	1	0	0	0
2317:	0	1	1	0
2318:	0	0	1	0
2319:	1	0	0	0
2320:	0	0	0	1
2321:	0	0	0	1
2322:	0	1	1	0
2323:	0	0	1	0
2324:	0	1	1	0
2325:	0	1	0	0
2326:	0	0	0	1
2327:	0	1	1	0
2328:	1	0	0	0
2329:	0	0	1	0
2330:	1	0	0	0
2331:	0	0	1	1
2332:	1	0	1	0
2333:	1	0	1	0
2334:	0	0	1	1
2335:	1	0	0	0
2336:	1	0	1	0
2337:	0	1	0	0
2338:	1	0	1	0
2339:	1	0	1	0
2340:	0	0	1	1
2341:	1	0	1	0
2342:	0	0	1	1
2343:	0	0	0	1
2344:	1	0	1	0
2345:	1	0	0	0
2346:	1	1	1	0
2347:	1	0	0	0
2348:	1	0	0	0
2349:	1	0	1	1
2350:	1	0	1	0
2351:	0	0	1	0
2352:	1	0	0	0
2353:	1	0	0	0
2354:	1	0	0	1
2355:	1	0	1	0
2356:	1	0	1	1
2357:	0	0	0	1
2358:	0	0	0	1
2359:	1	0	0	0
2360:	0	1	1	0
2361:	0	1	1	0
2362:	0	0	1	0
2363:	0	0	1	0
2364:	1	0	0	0
2365:	0	1	1	0
2366:	1	0	0	0
2367:	1	1	1	0
2368:	0	0	1	0
2369:	1	0	1	0
2370:	0	1	0	0
2371:	0	0	0	1
2372:	1	0	1	1
2373:	0	1	0	0
2374:	0	0	0	1
2375:	1	0	0	0
2376:	1	1	1	0
2377:	0	0	1	0
2378:	1	0	1	1
2379:	1	0	0	0
2380:	0	1	0	0
2381:	0	0	0	1
2382:	1	1	0	0
2383:	1	0	0	0
2384:	0	0	1	0
2385:	0	1	1	0
2386:	1	1	1	0
2387:	1	0	0	0
2388:	0	1	0	0
2389:	1	0	1	0
2390:	0	1	1	0
2391:	0	0	0	1
2392:	1	0	0	0
2393:	1	1	0	0
2394:	1	0	0	0
2395:	1	0	0	0
2396:	1	0	0	0
2397:	1	0	1	1
2398:	1	0	1	0
2399:	1	1	0	0
2400:	1	0	1	0
2401:	1	1	0	0
2402:	1	0	0	0
2403:	0	0	0	1
2404:	0	1	0	0
2405:	1	0	1	0
2406:	1	0	1	0
2407:	0	0	1	0
2408:	1	0	0	0
2409:	1	0	0	0
2410:	1	0	1	0
2411:	1	0	0	0
2412:	1	1	0	0
2413:	0	0	1	0
2414:	0	0	1	1
2415:	1	0	0	0
2416:	1	0	0	0
2417:	0	0	1	1
2418:	0	1	0	0
2419:	1	0	0	0
2420:	1	0	1	0
2421:	0	0	0	1
2422:	1	0	1	0
2423:	1	0	0	0
2424:	1	1	0	0
2425:	1	0	0	0
2426:	0	0	0	1
2427:	1	0	0	0
2428:	1	1	0	0
2429:	1	0	1	0
2430:	0	0	1	0
2431:	0	0	0	1
2432:	0	0	1	0
2433:	0	1	0	0
2434:	1	0	0	0
2435:	1	0	0	0
2436:	0	0	1	0
2437:	1	0	1	0
2438:	1	0	1	0
2439:	0	0	0	1
2440:	1	0	1	0
2441:	0	1	0	0
2442:	1	0	0	1
2443:	0	1	1	0
2444:	1	0	0	1
2445:	1	0	0	0
2446:	0	1	0	0
2447:	0	1	0	0
2448:	0	0	0	1
2449:	1	0	0	0
2450:	1	1	1	0
2451:	0	0	1	1
2452:	0	1	1	0
2453:	1	0	0	1
2454:	1	0	0	1
2455:	0	0	0	1
2456:	1	0	0	0
2457:	0	0	1	0
2458:	1	0	1	1
2459:	1	0	1	0
2460:	1	0	1	0
2461:	1	0	0	0
2462:	1	0	0	0
2463:	0	1	0	0
2464:	1	0	1	0
2465:	0	0	1	1
2466:	1	1	1	0
2467:	1	0	0	0
2468:	1	0	0	1
2469:	0	0	1	1
2470:	0	0	1	1
2471:	1	0	1	0
2472:	1	0	0	0
2473:	0	1	1	0
2474:	1	0	0	0
2475:	1	0	0	0
2476:	1	0	1	0
2477:	1	0	0	0
2478:	1	0	0	0
2479:	1	0	0	0
2480:	1	0	0	0
2481:	1	1	1	0
2482:	0	0	1	1
2483:	0	0	0	1
2484:	0	0	1	0
2485:	0	1	0	0
2486:	1	0	1	0
2487:	0	0	1	1
2488:	1	0	0	0
2489:	0	0	1	0
2490:	0	0	1	1
2491:	0	0	1	0
2492:	1	0	0	0
2493:	0	1	1	0
2494:	1	0	1	0
2495:	1	0	0	1
2496:	1	0	0	0
2497:	1	0	0	0
2498:	0	0	0	1
2499:	1	0	0	0
2500:	0	0	0	1
2501:	1	0	0	0
2502:	0	0	0	1
2503:	0	1	0	0
2504:	1	0	0	0
2505:	0	0	1	0
2506:	0	0	0	1
2507:	1	0	0	0
2508:	1	0	1	0
2509:	1	0	1	1
2510:	1	0	1	0
2511:	1	0	1	0
2512:	1	0	0	0
2513:	0	0	0	1
2514:	1	0	1	0
2515:	0	0	0	1
2516:	1	0	0	0
2517:	0	0	0	1
2518:	1	0	1	0
2519:	1	0	0	0
2520:	0	1	0	0
2521:	0	0	0	1
2522:	1	0	0	0
2523:	0	0	1	1
2524:	0	0	1	0
2525:	0	0	0	1
2526:	1	0	1	0
2527:	0	0	0	1
2528:	1	0	0	0
2529:	1	0	0	0
2530:	1	0	1	1
2531:	0	0	0	1
2532:	1	0	1	0
2533:	0	0	1	0
2534:	0	0	1	0
2535:	1	0	1	0
2536:	0	1	0	0
2537:	0	0	0	1
2538:	1	1	1	0
2539:	1	0	0	0
2540:	0	0	1	1
2541:	0	1	0	0
2542:	0	0	1	0
2543:	1	0	0	0
2544:	0	0	1	1
2545:	1	0	0	0
2546:	1	0	1	0
2547:	1	1	1	0
2548:	1	0	1	0
2549:	1	0	0	0
2550:	0	1	1	0
2551:	1	0	0	0
2552:	0	0	1	1
2553:	1	0	0	0
2554:	1	0	0	0
2555:	1	1	0	0
2556:	1	0	0	0
2557:	1	0	0	0
2558:	1	0	0	0
2559:	0	0	0	1
2560:	1	0	0	1
2561:	0	0	1	1
2562:	1	0	0	0
2563:	1	0	0	0
2564:	1	1	0	0
2565:	1	0	0	0
2566:	0	0	1	1
2567:	1	0	0	0
2568:	0	0	1	0
2569:	1	0	0	0
2570:	1	0	1	0
2571:	1	0	1	1
2572:	1	0	0	0
2573:	0	0	0	1
2574:	1	0	1	0
2575:	0	0	0	1
2576:	0	0	0	1
2577:	0	0	0	1
2578:	0	1	0	0
2579:	1	0	0	0
2580:	0	0	0	1
2581:	0	1	0	0
2582:	0	1	1	0
2583:	0	0	0	1
2584:	1	0	0	0
2585:	1	1	0	0
2586:	0	0	0	1
2587:	1	1	1	0
2588:	0	0	1	1
2589:	0	0	0	1
2590:	1	0	0	0
2591:	1	0	0	0
2592:	1	0	1	1
2593:	0	0	1	0
2594:	0	0	1	0
2595:	1	0	0	0
2596:	0	1	0	0
2597:	1	0	0	0
2598:	1	0	1	0
2599:	1	0	0	0
2600:	0	0	0	1
2601:	0	0	1	0
2602:	0	0	0	1
2603:	0	0	0	1
2604:	0	0	1	0
2605:	0	0	1	0
2606:	0	1	0	0
2607:	1	0	1	0
2608:	1	0	1	0
2609:	1	0	1	0
2610:	1	0	1	0
2611:	0	0	1	0
2612:	0	1	0	0
2613:	1	0	0	0
2614:	1	0	0	0
2615:	1	0	1	0
2616:	1	0	0	0
2617:	1	0	1	1
2618:	1	0	0	0
2619:	0	1	0	0
2620:	0	0	1	1
2621:	1	0	0	0
2622:	1	0	0	0
2623:	1	0	0	0
2624:	0	0	0	1
2625:	1	0	0	0
2626:	0	0	0	1
2627:	0	0	1	1
2628:	1	0	0	0
2629:	0	0	0	1
2630:	1	0	1	0
2631:	1	0	0	0
2632:	0	1	0	0
2633:	0	0	1	1
2634:	0	0	1	1
2635:	1	0	0	1
2636:	0	0	1	0
2637:	0	0	0	1
2638:	1	0	0	0
2639:	1	0	0	0
2640:	0	1	1	0
2641:	0	0	1	0
2642:	0	0	0	1
2643:	0	1	1	0
2644:	1	0	1	0
2645:	1	0	1	0
2646:	1	0	0	0
2647:	1	0	1	0
2648:	1	0	1	0
2649:	0	0	0	1
2650:	1	0	1	0
2651:	1	0	0	0
2652:	0	1	1	0
2653:	0	0	0	1
2654:	1	0	0	1
2655:	1	1	0	0
2656:	1	0	0	0
2657:	1	1	0	0
2658:	1	0	0	0
2659:	1	0	1	0
2660:	1	0	1	0
2661:	0	1	0	0
2662:	0	1	0	0
2663:	0	0	0	1
2664:	0	0	1	0
2665:	0	0	0	1
2666:	0	0	0	1
2667:	1	0	0	0
2668:	1	0	0	0
2669:	1	0	0	1
2670:	1	0	0	0
2671:	1	1	1	0
2672:	1	0	0	0
2673:	0	0	1	1
2674:	0	1	1	0
2675:	0	0	0	1
2676:	0	1	0	0
2677:	0	0	1	1
2678:	1	0	1	0
2679:	0	1	1	0
2680:	1	0	0	0
2681:	0	1	0	0
2682:	0	1	1	0
2683:	1	0	0	0
2684:	0	0	1	1
2685:	0	0	1	0
2686:	0	1	1	0
2687:	0	0	1	1
2688:	1	0	1	1
2689:	0	0	0	1
2690:	1	0	0	0
2691:	0	0	0	1
2692:	0	1	0	0
2693:	1	0	1	0
2694:	0	0	0	1
2695:	0	0	1	1
2696:	1	0	1	0
2697:	1	1	0	0
2698:	0	1	0	0
2699:	1	0	1	0
2700:	1	0	0	0
2701:	0	1	1	0
2702:	1	0	0	0
2703:	1	1	0	0
2704:	0	0	1	1
2705:	0	0	0	1
2706:	0	0	0	1
2707:	1	0	1	0
2708:	1	0	0	0
2709:	0	1	0	0
2710:	1	0	0	0
2711:	1	0	1	0
2712:	1	0	0	0
2713:	0	0	1	0
2714:	0	0	1	1
2715:	1	0	0	0
2716:	1	0	1	0
2717:	1	0	0	0
2718:	0	1	1	0
2719:	1	0	0	0
2720:	0	0	0	1
2721:	1	0	0	0
2722:	1	0	0	0
2723:	1	0	1	0
2724:	0	1	1	0
2725:	0	0	0	1
2726:	0	1	1	0
2727:	1	0	1	0
2728:	1	0	1	0
2729:	1	1	0	0
2730:	1	0	0	0
2731:	1	0	0	0
2732:	0	0	0	1
2733:	1	0	1	0
2734:	1	0	0	1
2735:	1	1	0	0
2736:	0	0	1	1
2737:	1	0	1	0
2738:	0	1	0	0
2739:	0	0	0	1
2740:	1	0	0	0
2741:	1	0	0	0
2742:	1	1	1	0
2743:	1	0	0	0
2744:	0	0	1	0
2745:	0	1	0	0
2746:	0	0	1	0
2747:	0	0	1	0
2748:	1	0	1	0
2749:	0	1	1	0
2750:	0	0	0	1
2751:	0	1	0	0
2752:	0	0	0	1
2753:	0	1	0	0
2754:	1	0	1	0
2755:	1	0	1	0
2756:	0	1	0	0
2757:	0	0	1	1
2758:	0	1	0	0
2759:	0	0	0	1
2760:	0	0	1	0
2761:	0	0	0	1
2762:	0	0	0	1
2763:	1	0	1	0
2764:	0	0	0	1
2765:	1	0	0	0
2766:	1	0	0	1
2767:	1	0	1	0
2768:	1	0	0	0
2769:	0	1	0	0
2770:	0	0	1	0
2771:	1	0	1	0
2772:	0	1	1	0
2773:	1	0	0	0
2774:	1	0	0	0
2775:	1	0	1	0
2776:	0	0	0	1
2777:	1	0	0	0
2778:	0	1	0	0
2779:	1	0	1	0
2780:	1	0	0	0
2781:	1	0	1	0
2782:	0	1	0	0
2783:	1	0	0	0
2784:	0	1	1	0
2785:	1	1	0	0
2786:	1	0	0	0
2787:	1	0	0	0
2788:	1	0	0	0
2789:	1	0	0	0
2790:	0	0	1	0
2791:	1	1	1	0
2792:	1	0	0	1
2793:	1	0	1	0
2794:	1	1	1	0
2795:	1	0	0	0
2796:	1	0	0	0
2797:	1	0	1	1
2798:	0	0	1	1
2799:	0	0	1	0
2800:	0	0	1	1
2801:	1	0	0	0
2802:	0	1	1	0
2803:	0	0	1	1
2804:	0	0	0	0
